OLSR Grid
20 8.09711 37 37 0 0.0724922
20 7.92797 36 36 0 0.0736689
20 7.22513 34 34 0 0.0726515
20 7.77171 37 37 0 0.0706911
20 7.22347 34 34 0 0.0723618
20 7.17909 34 34 0 0.0701838
20 7.1818 33 33 0 0.0719973
20 7.19146 34 34 0 0.0713455
20 8.19827 39 39 0 0.0696994
20 7.87816 36 36 0 0.0713441
20 6.7465 29 29 0 0.0747134
20 7.77063 36 36 0 0.0738391
20 8.16783 39 39 0 0.071185
20 8.35175 41 41 0 0.07054
20 7.75057 37 37 0 0.0697715
20 7.73693 37 37 0 0.0722017
20 9.54491 40 40 0 0.0716839
20 6.48762 31 31 0 0.326747
20 8.1544 37 37 0 0.073583
20 7.45113 34 34 0 0.0759404
20 7.59184 34 34 0 0.0717614
20 7.59309 35 35 0 0.0724507
20 7.68133 34 34 0 0.0697566
20 7.3091 34 34 0 0.0744984
20 7.78225 37 37 0 0.0699646
20 7.42861 35 35 0 0.0704439
20 8.24995 40 40 0 0.0718296
20 7.70752 37 37 0 0.0708974
20 6.96788 34 34 0 0.0723581
20 7.7086 35 35 0 0.0722146
OLSR RandomDir
20 7.56372 34 34 0 0.0752287
20 8.31567 36 36 0 0.0702327
20 7.46768 35 35 0 0.0700365
20 7.37438 34 34 0 0.0738214
20 7.6265 36 36 0 0.0700332
20 8.42177 35 35 0 0.0754856
20 7.62005 37 37 0 0.0717699
20 8.0345 36 36 0 0.072731
20 7.69614 36 36 0 0.073145
20 7.57207 36 36 0 0.0745652
20 8.22015 40 40 0 0.0666268
20 7.23096 33 33 0 0.0743961
20 7.20055 33 33 0 0.0757408
20 7.21818 30 30 0 0.0725099
20 8.14457 36 36 0 0.0732557
20 8.07522 37 37 0 0.072948
20 7.76385 37 37 0 0.072701
20 7.80362 37 37 0 0.0711826
20 7.37188 32 32 0 0.0714659
20 7.80561 37 37 0 0.0699261
20 8.18602 37 37 0 0.069597
20 7.41072 33 33 0 0.074672
20 7.97154 36 36 0 0.0737059
20 6.60681 31 31 0 0.0740719
20 7.3645 34 34 0 0.075
20 7.71584 36 36 0 0.0746278
20 6.88635 33 33 0 0.0730151
20 6.97658 33 33 0 0.0738488
20 8.54758 40 40 0 0.072505
20 7.62235 35 35 0 0.0707627
OLSR RandomRect
20 8.00043 37 37 0 0.0716279
20 7.41731 34 34 0 0.0696793
20 6.86227 31 31 0 0.0717611
20 7.21729 32 32 0 0.0764899
20 7.89519 33 33 0 0.0738227
20 7.51114 36 36 0 0.0703968
20 7.60612 36 36 0 0.0698969
20 7.1549 30 30 0 0.0739386
20 7.46704 35 35 0 0.0726937
20 7.41495 35 35 0 0.0689707
20 8.26039 38 38 0 0.0713238
20 8.25753 40 40 0 0.069549
20 7.71108 36 36 0 0.0707259
20 8.06001 37 37 0 0.0748839
20 7.93615 37 37 0 0.0709338
20 7.59412 35 35 0 0.0726432
20 7.4708 35 35 0 0.072612
20 7.55016 35 35 0 0.0723123
20 6.83427 31 31 0 0.0711653
20 6.9498 34 34 0 0.0737728
20 7.56273 37 37 0 0.0692914
20 8.2871 37 37 0 0.0725386
20 8.62547 39 39 0 0.0732874
20 6.71958 32 32 0 0.0749419
20 7.14614 33 33 0 0.0738622
20 7.15584 33 33 0 0.0713568
20 8.22754 37 37 0 0.0698809
20 7.78269 37 37 0 0.0736273
20 7.90614 35 35 0 0.0738462
20 7.2023 34 34 0 0.0723547
AODV Grid
20 7.60186 36 36 0 0.0727188
20 5.92221 58 55 3 -nan
20 7.64263 37 37 0 0.0698862
20 1.55344 288 284 4 -nan
20 8.05459 35 35 0 0.0694167
20 7.71443 35 35 0 0.0736535
20 1.61646 110 99 11 -nan
20 8.28068 39 39 0 0.071339
20 2.39693 920 901 19 -nan
20 7.98439 37 37 0 0.0735896
20 7.19346 35 35 0 0.0716963
20 1.97889 718 677 41 -nan
20 6.56302 32 32 0 0.0716892
20 6.08589 59 56 3 -nan
20 1.44393 239 230 9 -nan
20 6.74311 31 31 0 0.0739539
20 2.9082 1335 1296 38 -nan
20 7.73148 34 34 0 0.0711772
20 7.61526 35 35 0 0.0706174
20 1.39156 220 217 3 -nan
20 7.86893 37 37 0 0.0696137
20 2.21122 816 806 10 -nan
20 7.49921 35 35 0 0.0724297
20 7.5099 32 32 0 0.0740078
20 8.49146 39 39 0 0.075369
20 7.43261 35 35 0 0.0716901
20 1.36988 114 111 3 -nan
20 1.63139 353 338 15 -nan
20 1.17109 103 99 4 -nan
20 7.00727 33 33 0 0.0757615
AODV RandomDir
20 1.3097 107 107 0 7.92197
20 1.5244 121 115 6 -nan
20 7.63132 35 35 0 0.0700992
20 8.06175 37 37 0 0.0716968
20 3.13326 1549 1496 53 -nan
20 8.50163 41 41 0 0.0678742
20 7.0866 32 32 0 0.071864
20 7.1797 35 35 0 0.0731143
20 7.35284 35 35 0 0.0742049
20 1.79266 476 447 29 -nan
20 7.80556 37 37 0 0.0717923
20 8.12715 38 38 0 0.0698643
20 7.44987 36 36 0 0.0693204
20 7.34928 33 33 0 0.0708752
20 1.83526 99 95 4 -nan
20 1.51212 138 136 2 -nan
20 4.10893 71 68 3 -nan
20 6.88964 32 32 0 0.0721331
20 1.65932 391 390 1 27.8618
20 7.46174 35 35 0 0.0735614
20 1.23415 188 186 2 -nan
20 1.99589 672 671 1 14.5867
20 7.57745 34 34 0 0.0711227
20 8.07149 40 40 0 0.0702108
20 6.82697 29 29 0 0.0723414
20 1.23317 121 120 1 -nan
20 6.92656 32 32 0 0.071048
20 5.81756 59 55 4 -nan
20 7.8383 36 36 0 0.0740858
20 7.5127 35 35 0 0.0713444
AODV RandomRect
20 1.50475 248 248 0 15.3783
20 1.39517 88 81 7 -nan
20 7.05832 34 34 0 0.0734047
20 7.53928 35 35 0 0.0702392
20 1.58034 137 137 0 6.74778
20 7.28699 35 35 0 0.0743436
20 8.23454 39 39 0 0.0715547
20 9.12126 39 39 0 0.0695065
20 7.78087 36 36 0 0.074203
20 1.78448 563 523 40 -nan
20 1.6853 351 339 12 -nan
20 7.44349 34 34 0 0.0742108
20 1.59482 229 228 1 8.22152
20 1.90711 581 539 42 -nan
20 6.78756 32 32 0 0.073176
20 7.61996 36 36 0 0.0722121
20 1.24872 58 58 0 8.57502
20 2.34774 814 796 18 -nan
20 8.18654 39 39 0 0.0705933
20 1.46242 138 133 5 -nan
20 7.81655 36 36 0 0.0739295
20 7.27796 35 35 0 0.0706515
20 6.82164 32 32 0 0.0727869
20 7.73816 34 34 0 0.0742301
20 7.38464 34 34 0 0.0719337
20 7.14045 34 34 0 0.0729476
20 6.05448 96 95 1 -nan
20 7.48339 35 35 0 0.0719251
20 1.54837 261 247 14 -nan
20 2.55529 1179 1085 93 -nan
DSDV Grid
20 7.05282 31 31 0 0.09987
20 7.91778 38 38 0 0.0706484
20 7.15175 34 34 0 0.0728024
20 7.31232 35 35 0 0.0754179
20 7.58095 36 36 0 0.1131
20 7.73684 37 37 0 0.084809
20 7.96551 37 37 0 0.07185
20 7.70269 36 36 0 0.0686462
20 7.81015 37 37 0 0.103922
20 7.23099 33 33 0 0.0740709
20 7.78353 35 35 0 0.0725407
20 6.91733 33 33 0 0.0680216
20 8.07025 37 37 0 0.0716344
20 8.45531 40 40 0 0.0738488
20 7.74821 36 36 0 0.236761
20 6.92385 34 34 0 0.0673581
20 7.49186 34 34 0 0.115737
20 7.80905 34 34 0 0.0719655
20 6.85676 31 31 0 0.0744454
20 8.26838 39 39 0 0.269425
20 7.74911 38 38 0 0.0764597
20 7.47437 36 36 0 0.0662543
20 7.6323 36 36 0 0.0923533
20 7.70856 35 35 0 0.0922697
20 7.26278 33 33 0 0.0729714
20 7.22242 35 35 0 0.0705985
20 7.35887 35 35 0 0.0716295
20 7.56596 34 34 0 0.0730218
20 6.94223 32 32 0 0.132058
20 7.94502 37 37 0 0.0709119
DSDV RandomDir
20 7.81122 37 37 0 0.129322
20 7.78007 36 36 0 0.0864228
20 7.64615 36 36 0 0.101227
20 7.08201 33 33 0 0.157696
20 6.93966 32 32 0 0.0844386
20 7.50647 36 36 0 0.0833196
20 7.0464 33 33 0 0.0740162
20 7.74306 37 37 0 0.0708229
20 7.44238 34 34 0 0.0730268
20 7.72075 34 34 0 0.0704149
20 7.81969 36 36 0 0.0726138
20 7.15903 33 33 0 0.0683775
20 7.91014 38 38 0 0.101631
20 6.64436 31 31 0 0.0733897
20 7.26736 35 35 0 0.0810766
20 7.06869 34 34 0 0.0705453
20 7.24825 34 34 0 0.074019
20 7.20838 35 35 0 0.166816
20 7.98005 38 38 0 0.0937952
20 7.52824 31 31 0 0.0821838
20 7.45799 34 34 0 0.0739086
20 8.27029 37 37 0 0.111224
20 8.49652 38 38 0 0.0822784
20 7.18205 33 33 0 0.0892262
20 7.52029 35 35 0 0.0702309
20 8.01679 37 37 0 0.122377
20 7.14766 34 34 0 0.0722673
20 7.66216 35 35 0 0.0736719
20 8.06159 39 39 0 0.0692754
20 7.64865 37 37 0 0.0883071
DSDV RandomRect
20 8.18878 38 38 0 0.0704181
20 6.92365 32 32 0 0.073249
20 8.40417 39 39 0 0.0718049
20 8.10169 39 39 0 0.0679199
20 7.97682 37 37 0 0.068754
20 7.29867 35 35 0 0.0691959
20 7.72023 36 36 0 0.0708069
20 7.47848 36 36 0 0.0703517
20 7.87911 38 38 0 0.0712812
20 8.30024 39 39 0 0.0828777
20 7.50098 34 34 0 0.0705857
20 6.71684 32 32 0 0.113946
20 8.11009 37 37 0 0.0865248
20 8.0218 37 37 0 0.10089
20 6.66672 31 31 0 0.131906
20 7.60315 34 34 0 0.238341
20 7.13428 35 35 0 0.0689026
20 7.74024 36 36 0 0.0720347
20 7.45539 35 35 0 0.0711819
20 8.17775 39 39 0 0.282382
20 7.75176 36 36 0 0.0986978
20 7.509 35 35 0 0.0678239
20 7.31328 36 36 0 0.0997495
20 7.044 32 32 0 0.104891
20 7.38044 35 35 0 0.0721786
20 7.15364 33 33 0 0.0806382
20 7.59761 34 34 0 0.118994
20 6.89464 32 32 0 0.284193
20 7.66913 36 36 0 0.0672374
20 7.88302 36 36 0 0.0714683
